3.820635016216719082e-01 3.949450020626678604e-01 2.249104857507041588e-01 3.561510462719206793e-01 3.511735645537542028e-01 9.968647432114908780e-01 5.047829355180338817e-01 7.873019348959855446e-01 3.763951462474091625e-01 1.678362984622144283e-01 4.420092453060173732e-01 5.521612979598162774e-01 4.688732716397972511e-01 8.817014046270406080e-01 8.527706486081135795e-01 1.684523109198003965e-01 4.010090065862481068e-01 2.912779963963169072e-01 6.337024961586881222e-01 6.797783786533585504e-01 7.749677010604772986e-01
8.429599085999568697e-02 7.513852476726502749e-02 2.389065677906261065e-01 8.232405391759840541e-01 4.640558626538347498e-01 4.665141168219292256e-01 4.072175870425521760e-01 3.820046632176410939e-01 2.721690347076336502e-01 3.194788442195806710e-01 4.991864322930186781e-01 9.790010224027220209e-01 7.029766558453697245e-01 7.362866273805255268e-01 6.216512623566582407e-01 2.804169405962684269e-01 3.072105767239330931e-01 3.141126549635614440e-01 6.909487554154187805e-01 5.989839758089896549e-01 5.333702282311183485e-01
7.940442712253623636e-01 2.621458585666944230e-01 5.033648389351377261e-01 1.018637129433920679e-01 6.207567264754895175e-01 5.385886700213583511e-01 5.831060811518680165e-01 3.077626457331762433e-01 6.736638557400490557e-01 6.973461146617758455e-02 7.438720731859581603e-01 5.343279092548469666e-02 5.441764939551144709e-01 4.382513526728755715e-01 2.876798761859484799e-01 5.828090871762089398e-01 3.275432802188050357e-02 3.481480600479425203e-01 7.907161757880452058e-01 4.550604351925264801e-01 7.394999289859688352e-01
3.440574682461394751e-01 3.267690489435692291e-01 1.782304270988428196e-01 1.992774549807790202e-02 8.805789839713598632e-02 8.961888852819728246e-01 7.899431946461941134e-01 2.449947314599476567e-01 3.678966681457465637e-01 4.871759350361714591e-01 2.666224575929080354e-01 4.686630890735139499e-01 1.373311787272792905e-01 3.417373103435368265e-01 4.164583621531062207e-01 3.143960014993330554e-01 9.414806066562202147e-02 3.501641901061545714e-01 9.060996090611904696e-01 1.374512462082837227e-02 6.692316057711460431e-01
4.410971989140859417e-01 9.878254208870658193e-01 1.469677843398257688e-01 9.721461198853617036e-01 3.326426130248174018e-01 6.821456982684520609e-01 3.753831676825203356e-01 2.298429097722588799e-01 8.582803046969950111e-01 2.961137477204498492e-01 9.328046907283695788e-01 4.195171617175334489e-01 1.408851519716268763e-01 4.220906370867346658e-01 3.615957878105960366e-02 2.381773382017859375e-01 3.825893948034951864e-01 5.892536120785315523e-01 3.080371304786825859e-01 8.522297877854204673e-01 8.979076539305238525e-01
3.527621661268704467e-01 5.212959310369064125e-01 1.332763425101343158e-01 1.353803172411884304e-01 2.630883738832979213e-01 7.569753725290713220e-01 4.630424822154999287e-01 5.603124634672096427e-01 7.388337092190103705e-01 2.072408329045259678e-02 9.656761983430303120e-01 7.802671258276500099e-01 5.880050910955307852e-01 7.104387403747017826e-01 6.309676368286414316e-01 7.924644055808923726e-01 2.449581820025057699e-01 2.531405590158608207e-02 9.654611212036353640e-01 1.910507399501993053e-01 6.584331353459934588e-01
5.934887486288237951e-02 2.952675799973573101e-01 1.739443812909886311e-01 7.683796237337398027e-01 8.269763415963131692e-01 1.853694162319643457e-01 2.810885017356837268e-01 8.302698800303219828e-01 1.366187382613348322e-01 2.389815377956269749e-01 2.489842204907981027e-01 2.467701662565297688e-02 1.055542458076157292e-01 7.757712842689681310e-01 2.631153675320674346e-01 8.672727900695516023e-01 1.347283557422733202e-01 6.494877556034768518e-02 5.621022992298735366e-01 4.031056254530212546e-01 6.838646812173464484e-01
2.451375840329807210e-01 6.585842582743289819e-01 3.466550217484388186e-01 8.085359511834726565e-01 6.467520554167639490e-01 3.654742277634069891e-01 3.275706882125342667e-01 6.004334832650731757e-01 6.862249324026837849e-01 1.149220146140801785e-01 3.070765761197247201e-03 5.158284571057648593e-01 2.015151875451983710e-01 5.355791631216973991e-01 9.394038015879903059e-01 6.617507502770627603e-01 4.222288162771051234e-01 3.267168568151050945e-01 1.833548033821799095e-01 2.566612904865915867e-01 8.884826179584179862e-01
9.870166029046568701e-01 1.676637629439739208e-01 8.419510784829337124e-01 9.911451199044112315e-01 9.408699039546278842e-01 7.909614200465145961e-01 5.444218629040753488e-01 8.064765079746905041e-01 5.460604268335701034e-02 9.431000582044291036e-01 9.073944464112468911e-01 6.819814014896223853e-01 9.452673070604314942e-01 9.645399554975527812e-01 8.804282241611394166e-01 4.266430684167245579e-01 6.032130772544077590e-01 1.048119700322061934e-02 7.584947460979851730e-02 6.363664201880291360e-01 1.311162475269751271e+00
1.017871347876156823e-01 2.754875568580569811e-01 5.939678091719531317e-01 1.782754731838449014e-01 6.602576972984406378e-01 4.051520012430603335e-01 1.741154746831703737e-01 4.912978902110702872e-01 5.545722717552426656e-03 7.620606536637674067e-01 5.095181003290452093e-01 1.778591575155342441e-01 9.517707150528310622e-01 3.945197247281617692e-01 3.741642079077023286e-01 8.256164427796738314e-01 9.969917260886890231e-01 8.824646159018539882e-01 7.062991042653081752e-01 6.881844812175295090e-01 5.618730153385663728e-01
2.823312579339642275e-02 5.062697625530493406e-01 7.726607388474375782e-01 6.929523153677047409e-01 7.017198513423396067e-01 2.599369995044009674e-01 8.524972455977080088e-01 5.392626105999890340e-01 7.960484762790290825e-01 2.659928808575554027e-01 4.344514657664342860e-01 5.805016788242844950e-01 1.835588553874385465e-01 8.633036215816299874e-01 1.502235669039303501e-01 8.873028992265326043e-01 5.708158009506035802e-01 8.148200143113873972e-01 1.439907946375780790e-01 6.545142153283824982e-01 8.986361514301952624e-01
6.055238541541740904e-01 4.346706663877142329e-01 5.269681865572526380e-01 3.855840374699343598e-01 6.113815792519481374e-01 7.061092096018476427e-01 1.613987508316384878e-01 2.248863476926816485e-01 5.109743979027013827e-01 1.951208310942547375e-01 1.576822749024845982e-01 3.190092381201328209e-01 9.271695441562874951e-01 7.191670287897856673e-01 9.325962033032796361e-01 9.873729389278980140e-01 5.934877187408033050e-01 2.795480733251081706e-01 2.770762509292076792e-01 4.629448052420289117e-01 7.472070968231764310e-01
1.438068042426925430e-01 2.266694566344996664e-01 1.759869657626383227e-02 1.498192613429890352e-01 2.315409980176322546e-01 5.771298484062488132e-01 6.713431832558943713e-01 3.084455151173398635e-02 1.226571805663433518e-01 2.559354892699638451e-01 4.743834083778757926e-01 4.965410695974252220e-01 6.298742232094852733e-01 3.598429103612689750e-01 8.039116939560427832e-01 9.516451655316116032e-01 7.498501866801191573e-01 4.171268734730651517e-01 1.239834315260189557e-01 7.926385173719988630e-01 3.234419153573253602e-01
6.364344577518274981e-01 8.513910703208551478e-01 7.097915650303139312e-01 6.811843310028574405e-02 7.481797221610022586e-01 3.224359498183159700e-01 3.386087350211148816e-01 5.709887805955451978e-02 9.813448973414464760e-01 4.402996513674257151e-01 3.983290837582020294e-01 8.927800965064864869e-01 3.776700538542582253e-01 6.636597355691959965e-01 2.331774237945909989e-01 7.196218125798511389e-01 6.356622097676001282e-01 2.210141423005132499e-01 5.847208069123388530e-01 2.231269430807147625e-01 7.285841748145939212e-01
6.500323331569543006e-01 8.654864495992833362e-01 4.364437912989452273e-01 8.830523397963457866e-01 5.625558977650135795e-01 9.517880685026667287e-01 7.308477998168766421e-01 1.625524050469467630e-01 2.703532477421769636e-02 2.177246391645044077e-01 8.892198291644649588e-01 6.199176358871983927e-01 7.626381947665062944e-01 5.857503614156869265e-01 5.982905560470144213e-01 2.116811666135540448e-01 3.502957255435944495e-01 7.439200330176952702e-01 4.145671937616839386e-01 9.094497073613646565e-01 9.602147585550662168e-01
7.805905530088605992e-01 2.694804062060789374e-01 1.950479737542421543e-01 3.417327536306432462e-02 4.236762995893180728e-01 4.955003535713509710e-01 8.940198050578216371e-01 9.170067365148580618e-02 7.676161428553655852e-02 8.887750516712012994e-01 9.603463559596497889e-01 4.318113795262822907e-01 2.297894349809074255e-01 7.911188506318675775e-03 2.850412866603677653e-01 4.787050256047310076e-02 3.656933070291658039e-01 6.939055119460071364e-01 8.751951444719521245e-01 8.863234630908953804e-01 6.973196831231204262e-01
7.116976359584132883e-01 2.193943378660643539e-01 7.894548103559019259e-01 3.435862590951500595e-01 9.992071489095381009e-01 1.158577750357869945e-01 2.322296593953797617e-01 6.709376679433067814e-01 7.411875815780852306e-02 6.370610541930222803e-01 7.282782087151377093e-01 7.448416115376719215e-01 3.683225330617835303e-01 5.480479126456276884e-01 3.367048541535920814e-01 5.701105105029063980e-01 7.343674277935101635e-01 4.331841251065622345e-01 5.304214427413386085e-02 7.150621803370439400e-01 7.019761207497805522e-01
1.521808326247714727e-01 4.042023037669561503e-01 1.198435414163168261e-01 4.058645109631163206e-01 4.782957108100818755e-01 5.011783277500087008e-01 2.722600203559210064e-01 9.748975382922053790e-01 8.184337768890787013e-01 9.781391761223765524e-01 2.092886740266431678e-01 6.880430306260109097e-01 9.683948475313051141e-01 1.636149827216778763e-01 9.950861250764604649e-02 9.919828517287024305e-02 4.998137696559968313e-01 3.940134790310445001e-01 8.907736785532666124e-01 1.734267073643119272e-01 7.272330517697123131e-01
1.955579885649261218e-01 3.218137796748576918e-01 3.681751028082303479e-01 2.872055043263069263e-01 1.327311335113625923e-01 3.153951209481725693e-02 1.044017469724846381e-02 9.057365579607874473e-01 4.009273294720894221e-01 3.400266578588838073e-01 6.322999865365148686e-01 7.249384768049523808e-01 6.123763964445285701e-01 2.449156880086040822e-01 7.573869495631251336e-01 3.410878391637157669e-01 8.486656114149043750e-01 6.116410942952883456e-01 2.379761271796980715e-01 4.304249804317303862e-01 3.991214839874627773e-01
9.326382521440423901e-01 1.184563643730782156e-01 5.470712929263769064e-01 6.759392435766061746e-01 4.971978281239251007e-01 9.323528821958964041e-01 3.667315127397244301e-01 1.600709434818559374e-01 4.929804484053358637e-02 3.526488594202916715e-01 2.509051931101050417e-02 1.894295244388223276e-01 5.824388268256601719e-01 3.056107617672785062e-02 2.234230237233266747e-01 4.949019137446610817e-01 7.115922607710727377e-01 7.157581874058037696e-01 7.604120660650091068e-01 8.102971801248959327e-01 9.008213512444082083e-01
1.699132637900795384e-01 5.515149137707424654e-01 3.530686900254426108e-01 4.536731423497731286e-01 9.860245137888780098e-01 6.166354321708537034e-01 7.184637476394395428e-02 8.960125270906008632e-01 6.189036291699335779e-01 6.879477044972320821e-01 6.630724275260799772e-01 2.704038349868845281e-01 1.689978671442520786e-01 7.981666739007317046e-01 1.745509247119744478e-01 6.915086364878468839e-01 7.151912332319650956e-01 6.508083614807319561e-01 6.476380517111267610e-01 6.176675020728848997e-01 8.589505746207728443e-01
9.657750095650567967e-01 1.778543202541801871e-01 8.500141496802000596e-01 7.819292640530197680e-01 1.804137742054803817e-01 2.723409471116973735e-01 1.251370474267974042e-01 7.070604132950588649e-01 1.812938982254849174e-01 7.095809874915351978e-01 6.781848422765862638e-02 1.366808571709253739e-01 2.371742814198674228e-03 8.269392642394893800e-01 7.326729646890107750e-01 5.122196181224469846e-01 2.791334009423966922e-01 1.478084527325485564e-01 2.543803657490378289e-01 2.388701574296626107e-01 8.531786825377487560e-01
6.692525277276978324e-01 9.803104313771268119e-01 7.750395672871739361e-01 4.174413830504302148e-01 8.943568864145698960e-01 4.193526224272698943e-01 2.920196316177496310e-01 6.594919846664050456e-02 6.497006951574229028e-01 9.622258068155897445e-03 8.187261897521548315e-01 7.904607735803241830e-01 3.609137379575382831e-01 4.118374009881550779e-01 4.871926333437671119e-01 1.287621803201831616e-01 6.157403942164354493e-01 9.137673968977507721e-01 8.398731043830105492e-01 5.564934298388112266e-01 8.741461568919879355e-01
7.315753119411739780e-01 6.838699120325961722e-01 8.042329728886551399e-01 5.154475827946608524e-01 1.219263797897716106e-01 3.922713551397252058e-02 7.573281889840590697e-01 9.237732710615155218e-01 9.996104293232636051e-01 7.249071995305492733e-01 6.059580598474666457e-01 3.518103812284398280e-01 7.362489853020880437e-01 3.059408228964943244e-01 5.742351472806191959e-01 5.545700441986999296e-01 2.230850842561565017e-01 9.077373765731540090e-01 9.390005437744972649e-01 2.876002112961195123e-01 8.812716870816682535e-01
3.319101468507787422e-01 7.246946355302334997e-01 5.704418012559613338e-01 4.964438668797337417e-01 1.117550150280270382e-01 1.975277447839142997e-01 2.149031399601610826e-01 7.505643134737768341e-01 8.776954580376032933e-01 4.237049054266895931e-01 2.839499220179520500e-01 9.101071191843335129e-01 8.374780597202184929e-01 8.316339574604356133e-02 4.656313129887719726e-01 6.005119988480517312e-01 9.273082706269853981e-01 5.851424646422208609e-01 5.295038149050439458e-01 1.471801687960720417e-01 6.524789913261500596e-01
7.388756947516557094e-01 4.749701588154391363e-01 3.218232047839454657e-02 1.690487198301737770e-01 3.080233214167837352e-01 5.655502587347577270e-01 8.647999412586696577e-01 8.604736714726483049e-01 9.714249007499705657e-01 3.445912655722638968e-02 6.969189952582597325e-01 9.214518189180178620e-01 9.979066640138474220e-01 6.138317145559694099e-01 6.621652933666923868e-01 3.364390908414542358e-01 8.959208189244549647e-01 7.336771299110848021e-01 4.976424883797717080e-01 4.900684138131589096e-01 9.222996256637074897e-01
4.290323428505972148e-01 3.747949198199970050e-02 6.514480593789683249e-01 4.310557802704382407e-02 2.456340786383906516e-01 6.252003051602369466e-01 8.026843365362512639e-01 6.271069864491902734e-01 9.103697580614884544e-01 5.861999252282988904e-01 4.774506435521885250e-01 9.288389405193675508e-02 4.225495362058625526e-01 1.870559347365730318e-01 4.092029212873786181e-01 5.398110492188370468e-01 6.269958877593069524e-02 2.073661214031853883e-01 6.641315812013646180e-01 1.582280553017690050e-01 7.641078568824302142e-01
6.146032840332935621e-01 6.723174903438063899e-01 7.347764387388868723e-01 7.147244530849399258e-01 7.604018860103342048e-01 1.845808652017904422e-02 7.206586826200936935e-01 2.558368291737678213e-01 8.725887599541440887e-01 9.321763371526547992e-01 1.035200233355171723e-01 3.923029336306068093e-01 6.421001443013296672e-01 4.585181101561577877e-01 2.501344999137755098e-01 4.516513910045529823e-01 1.828113288072309162e-01 2.603487270614215920e-01 5.124340145533492485e-01 8.236632142266954171e-01 8.753879994939870457e-01
3.168279440627372323e-01 6.204403411662688939e-01 9.411964232395873819e-02 9.127529469193081946e-01 7.356163725644293550e-01 9.463865980893937813e-04 6.754849613654891893e-01 4.604875847160242591e-02 2.308209099247866478e-02 6.558490116994175612e-01 1.135609230064188180e-01 8.257039710350684292e-01 8.459034406832534048e-01 5.077072446262862471e-01 3.205723614043168856e-01 4.625314756198023458e-01 4.101867392844537469e-02 2.637397895303530970e-01 2.283767701035764874e-01 6.717867477430772283e-01 6.625680189519715935e-01
9.078686421305685039e-01 8.930860416838439786e-01 6.719558901831426123e-01 4.702976391574713033e-01 7.030288125077623074e-02 8.560102255938335791e-02 1.805139765112935002e-01 4.164352903458284905e-01 9.623824912407217269e-01 9.223699377709606573e-01 3.179056583846932016e-01 7.120248486070432925e-01 1.126950083360008653e-01 8.602435403721384599e-01 1.118166909135079462e-01 7.363767739260241862e-01 8.581078668558740352e-01 5.344596929936314966e-01 9.345431069546801528e-02 5.483007446325283141e-01 6.663161837109563557e-01
6.326219241353076006e-02 4.714653154468370633e-02 2.102377266103865050e-01 5.836273414277695082e-01 1.713925118639860468e-01 4.384220622964567493e-01 4.251915710650747138e-01 3.970578131889646034e-01 4.397561670663328592e-01 3.254428951649014912e-01 4.556006021126739192e-02 4.725238314589221694e-02 4.097372636758269682e-01 7.671030873215020085e-01 7.866967301113718392e-02 3.866554985488870888e-01 2.372557170282583450e-01 1.767433043231377288e-01 1.588744860339434406e-01 7.578299077417031127e-01 5.558533713227631345e-01
5.064748943654080460e-01 5.294004114654894400e-01 8.845521100574300633e-01 8.744819653559968708e-01 5.031565577058600969e-01 7.405459061176806745e-01 2.515933812787603252e-02 2.150054840852043403e-02 2.414740123670145455e-01 5.745280162198758145e-01 7.960567848553334880e-01 4.395346727640928042e-01 3.583530936049311721e-02 4.752949430501750561e-01 6.022085024708342393e-01 2.701275640176070691e-01 4.707658824820911136e-01 4.843863123501158663e-01 1.781286205532079531e-02 8.489156859924311682e-01 9.071157522827199005e-01
2.734772329605862362e-01 2.483894097333595175e-01 2.705707286607898499e-01 2.667984629122487350e-01 7.574320534117762183e-02 8.577544554872638116e-01 6.907823682745060090e-01 5.157738982894591873e-01 7.368774925390033648e-01 6.643753463519332936e-01 3.116742328251206340e-01 1.100583094085457597e-01 7.542141603153251772e-01 6.034759406036693807e-01 7.240065787557625754e-01 9.424378279041077319e-03 1.171527621961129667e-01 7.118534057454590780e-01 2.960412447946466075e-01 4.754171848266784961e-01 5.896925254869499478e-01
3.082791735519375687e-01 9.231430368215270965e-01 4.548510759350896659e-01 7.561718377594423002e-01 3.865913206819291958e-01 1.534636197878720687e-01 9.828134890767616927e-01 1.097708521899987133e-01 9.362954895709501013e-01 3.857547357644788844e-01 2.333637422588083488e-01 1.476663130626493237e-01 6.941049557010536830e-01 3.696633580762417326e-01 7.849281503447823605e-01 7.598266716896785455e-01 9.100718116490172926e-01 8.741528557699471680e-01 1.044789543666626852e-01 8.317626926712748947e-01 8.518431676957366472e-01
9.391428200861829945e-01 3.714190351467119844e-01 5.539750115558263882e-02 5.012046499008074862e-01 8.701271789029615400e-01 4.590826080114316921e-01 7.674933736471857559e-02 6.189522289105465758e-01 5.578215843118422557e-01 4.943027050824585489e-01 5.884206517890416821e-01 1.242534953893762173e-01 3.238323455349088054e-01 6.156910076557220446e-02 9.030615056780314509e-01 7.437973173912628688e-01 5.094595645259146835e-03 4.596270702050076484e-01 8.509363771275215704e-01 3.383518888661557478e-01 8.224661960541098660e-01
1.797204118890609881e-01 7.027940169577564511e-01 2.903122775060510419e-01 5.668428553678211967e-01 1.623230148549442142e-01 8.380019839832366646e-01 8.750664636736784630e-01 9.854617812205217486e-01 2.574096625459089127e-01 5.117420678549726709e-01 5.430749103821184143e-01 8.813786636939354713e-01 8.992418430266087004e-01 6.482951401266443536e-01 9.728214278324656128e-01 1.570763526405672683e-01 4.345646879485352554e-01 5.415481353648097240e-01 7.823115523692214524e-01 2.341995945259140455e-01 8.915663880980908562e-01
8.127079626482964780e-01 4.804376966096601809e-01 9.326695812696343957e-01 3.084697039637350202e-01 5.408545788113491293e-01 8.133783747940124265e-01 3.949020688458202422e-01 1.755930575792979675e-01 4.184554606957554546e-01 9.942223989361180791e-01 8.314183925881087900e-01 5.703482788648714941e-01 5.571462377192444304e-01 7.546570327374985121e-01 1.370150433089538933e-01 4.241328499185038070e-01 9.579619681438691359e-01 9.613220997598130868e-01 8.190844341325944633e-01 3.147812337769882035e-02 8.483890028516276605e-01
4.605521676736683973e-02 9.003101393628182292e-01 4.642345809510310950e-01 1.972974831747700830e-01 6.839447649610819191e-01 7.777610646301441610e-01 9.483345284627488214e-02 7.634123286969394240e-01 7.787753640479586625e-01 2.059543977455802477e-01 9.762014143106100272e-01 7.277318268801735712e-01 2.210188233536153346e-01 7.425159623887050975e-01 6.996281680119703639e-01 6.194946539399485141e-01 8.496635423031967393e-02 4.665682878387890087e-01 3.509376718855062305e-01 5.454471254694770455e-02 8.118146152178807862e-01
3.749311403437955992e-01 5.671496226769544569e-01 4.798538760055289787e-01 5.464647315572359609e-01 2.948342977798797393e-01 6.744633453473738438e-01 3.563805615975630392e-01 1.494243924588442018e-01 5.293461723957639808e-01 1.112696116373631250e-01 7.028719087393682230e-01 1.668132997951749796e-01 8.204436888929096394e-01 4.258265186831494686e-01 2.047500537587947644e-01 6.667774382350885043e-01 5.302466530869504036e-01 9.918422427217563619e-01 7.632481857443824680e-01 9.277407344933802369e-01 7.034925808487390020e-01
9.021563757944377204e-02 2.228705442671637810e-02 9.120452150557221138e-01 6.051923979642804818e-01 6.178348886444265387e-02 8.826888522881040089e-01 6.577717407596803678e-01 2.744917733491606948e-01 6.327490216798939970e-01 7.863660267107847046e-01 8.495728917993885521e-01 3.213658276121033469e-02 2.858722450744113908e-01 3.289769336056937443e-01 1.799946820789728452e-01 9.119330969437250412e-01 2.665586742109213869e-01 3.844303908233811518e-01 3.286454150427621235e-01 3.133851056599924467e-01 7.797200396418196844e-01
4.213400587154919608e-01 3.863813077036951094e-01 6.933062740797929502e-01 2.249522885717007703e-01 3.876265898920329689e-01 9.853624164243840466e-01 2.393294174971151989e-01 5.631453771210223058e-01 5.984679283736832334e-01 8.838705491942994152e-02 3.267820609936643028e-01 8.931644097806838017e-03 1.934234086770022232e-01 4.450043116398529064e-02 6.700906588984566203e-02 5.226401972719899591e-01 5.093210065813545961e-01 4.419600604439899993e-01 8.007626212776368657e-01 6.070225239013888885e-01 7.698047847057235549e-01
8.094988799343896257e-01 1.116886455676760065e-01 4.147320031651784977e-01 6.570110167042159111e-01 7.163596181158272680e-01 4.775249518503195678e-01 4.857585872627419588e-01 3.480406431630067021e-01 6.544366992304068154e-01 2.314954201334629424e-01 7.809628664983013779e-01 1.588615902070604768e-01 9.871505025761669883e-01 5.994618039854560099e-01 8.208626818002050518e-01 1.968938334256543909e-01 7.862918326227197330e-01 5.696240118084966442e-01 8.745325737609951355e-01 7.453865993293853354e-01 7.933340236823647196e-01
8.781763563906890280e-01 7.385201623394739290e-01 6.846871162943757305e-01 4.994139017290233568e-04 2.165285123577288529e-01 6.953262718523234298e-01 7.464266347628295550e-01 4.412019459584212155e-01 2.073482276065234664e-01 5.956747479963364622e-01 3.428138775782979542e-01 6.614079735034900098e-01 9.492314486356917547e-02 6.262597288797869810e-01 6.784106012054108570e-01 8.561197410105599870e-01 3.331008404092437036e-01 9.332639251086712884e-01 1.924954691949375685e-01 7.323366480456631189e-01 8.300917471223739907e-01
5.884314159789630905e-01 6.114278888166646553e-01 4.893654949548650879e-02 4.394700836458239612e-01 5.994375880781555033e-01 1.492340256506697049e-01 1.860872789409021011e-02 8.739479078379881472e-01 3.062524119834914016e-01 7.437510259279246361e-01 7.505866061171121428e-01 8.051618452803892267e-02 9.033814898111237612e-01 8.379016233976090966e-01 4.287297790631857120e-01 9.392879862777979705e-01 6.876106588525671137e-01 8.303085997963131071e-01 8.417390080857598683e-03 9.708837516594900352e-01 6.679841991133255164e-01
1.691940781993394108e-02 1.904395095855265915e-03 7.244959893167842724e-01 8.889844715534287456e-01 9.072711395858648054e-01 9.692782652606254934e-02 7.070069018099461866e-01 3.731598561069792708e-01 2.242075433511193927e-01 6.021262062457630737e-01 8.582139701990916247e-01 7.599267060431865728e-01 7.868572229676625840e-01 9.050110732038375849e-02 3.408937562606311755e-01 2.206064956390842158e-01 1.597883774855242411e-01 9.394181365130731542e-01 8.254397227364453915e-01 3.583883022363033577e-01 6.805426113289831935e-01
2.133430624776697926e-01 9.407390584068219264e-01 9.127018942968372350e-01 1.197138922774085151e-01 4.807439107227203662e-02 5.535571407361816743e-01 4.160466377691220824e-02 5.320615855687835793e-01 1.035877569605777038e-01 4.562536796460407995e-01 6.005814643026556598e-02 4.762628381162515856e-01 7.181478726263621493e-01 2.015276260574254130e-01 7.965211573372270593e-01 2.507309354793691436e-01 9.759230582490272532e-01 4.968159939036778106e-01 9.875548803036817702e-01 3.079880042448777666e-01 6.856944076783906272e-01
8.558058483235544411e-01 8.038255124271177499e-01 3.270034823748509401e-01 2.091917692998593314e-01 1.445762511958961494e-01 1.740073242798001185e-01 4.568229771870325195e-01 1.301146254945321212e-01 8.908720679213717464e-01 7.631831806657599637e-01 4.117696968516281752e-01 7.651904457146674332e-01 3.488146665302103155e-01 5.179643351675450313e-01 8.484637750445228610e-01 5.896116235589385912e-01 6.844995659677581834e-01 1.644863674156685218e-01 6.237182654280387650e-01 9.373029679877391968e-03 5.811779496735745010e-01
8.312916873179920785e-01 8.308587523796651109e-01 4.123292742993586169e-01 8.385606590711789377e-01 4.415384067296245774e-01 7.159059932461887543e-01 1.014869432852315012e-01 2.973450279741541857e-01 4.838214227238220588e-01 4.085995815740164350e-01 1.318839707158134533e-01 8.033949619824767296e-01 8.265275040522548911e-02 8.131314542101926168e-01 5.314999128641419990e-01 4.041541035078645705e-01 7.996650332296648678e-01 6.790223617433446268e-01 2.064641755230536280e-01 9.857202557845262669e-01 8.857265138030402385e-01
5.679078918119921937e-01 8.815659614905851926e-01 8.995554759603953121e-01 6.193299684676061290e-01 3.126001148200843183e-01 6.467688059416188961e-01 1.131782913496115761e-01 7.952508476913680013e-01 7.075432603813697208e-01 6.173421888654144762e-01 6.751708305106403074e-01 3.464069837859205525e-01 5.498506398624828512e-02 1.099359798923696258e-01 5.942493906569068507e-02 4.422101143338519336e-01 4.550937819525490147e-01 8.416530308575987940e-01 4.116346289269693925e-01 4.148072727484697353e-01 1.006815699575592360e+00
1.145228555750936322e-01 6.946204162610324084e-02 2.770662045800670673e-03 3.199209903840882774e-01 1.328990111598709299e-02 2.259420348683810753e-01 8.348424407760633992e-01 8.814938584010088007e-01 2.893124880979727198e-01 6.377769399190715838e-01 1.728318405487859200e-01 2.249143590514171009e-01 3.928410158676421404e-01 2.332417916715739947e-01 9.923401234632063250e-01 8.192241097207565437e-01 3.445279442162283989e-01 1.052508594820759785e-01 2.775573124423211940e-02 9.214421854389285294e-01 4.455944879144691506e-01
4.628170908331172839e-01 7.254161078811632857e-01 6.000920620147094375e-01 9.529968689587494657e-01 7.517018945411070054e-04 7.662603669563612385e-01 9.159527906101726513e-01 8.331243057903987836e-02 5.406215658161903637e-01 7.963743286466458127e-01 8.775088199971923242e-01 9.656144211430378599e-01 6.159847557429198872e-01 2.700177077776174106e-01 4.955212274252910332e-01 6.722908349611861345e-02 1.435500937038840796e-01 7.595983830568960871e-01 4.314906368440979412e-01 3.728287843564078718e-01 8.810824296137258482e-01
7.552548431229066939e-01 8.422911254280364135e-01 4.443584401600415013e-01 6.289678113006963445e-01 5.246483025007667722e-01 3.093394953173398410e-01 9.576694283326490087e-01 4.041436033747803358e-01 3.609567362636739718e-01 5.373032125532978265e-01 4.213357313154135753e-01 8.635501079074319186e-01 4.875870253928601267e-02 6.807398238546241709e-01 9.501319220521616815e-01 6.344629831404932085e-01 8.088199937422210217e-01 8.589284684623592625e-01 3.758779871356007218e-01 2.711525142630608620e-01 9.406707592448226851e-01
7.697274031610294998e-01 1.488819065265598318e-01 3.151516533057635017e-01 5.911041748206304902e-01 5.334372048378199782e-01 2.201511540966330505e-01 9.286962341809718025e-01 7.137102044501808518e-01 7.727791512404207364e-01 8.473303807654822273e-02 6.175826271174863491e-01 3.627446658618165842e-01 6.699982929645796892e-01 8.901584904581321123e-01 7.690130113734098272e-01 6.491411266858340134e-01 8.698478437183232437e-01 1.348826843135571829e-01 4.693883646939773224e-01 1.193198047681356955e-01 8.476480885757664563e-01
7.223924121792000275e-01 3.391381639564712280e-01 5.150459328239070933e-01 7.471314756472340335e-01 9.166912929678336930e-01 2.040237628223875999e-01 5.229692418828698619e-01 6.593479278836283930e-01 7.247978019237109049e-01 5.203827749343383768e-01 7.167761532185322748e-01 2.088967717087927001e-01 2.529153638420444383e-01 4.720126669590322122e-01 9.135782816092461456e-01 5.519516664471430661e-02 1.484826377900430767e-02 3.102611031201280567e-01 4.781549323720090672e-01 8.986319766609900395e-01 8.954854237095918323e-01
4.870691096575795465e-01 5.844913439622300144e-01 1.009985246493771138e-01 3.308693725892906112e-01 5.536305677491223376e-01 9.013784460565974488e-01 4.927236128706307117e-01 4.550924853693653627e-01 9.409673724833459429e-01 7.292289981014721256e-01 1.921073545968930985e-01 6.815667215806352208e-02 9.182585961207625491e-01 5.625177637154196164e-01 8.662556363876248167e-01 2.258497784194264946e-01 9.213865650153647557e-01 1.907507022457251844e-01 1.652283010500449623e-01 7.648670633267837804e-01 7.951702920525344220e-01
4.072843236003076406e-01 6.430184657356562417e-01 8.209521460291240302e-01 7.908069881754872243e-01 1.977818033744745130e-01 3.582563472930366255e-01 7.703458397052533879e-01 9.924232628322884331e-01 4.627984233260404312e-01 5.616404075137594321e-01 1.777886042586529491e-01 9.260435588171396226e-01 5.303139280771088648e-01 2.946242511024733668e-01 9.775131775154590752e-01 8.223380111534923931e-02 5.798772177796530647e-01 2.483567994896489217e-01 9.140832643262093438e-01 9.680562197842121352e-02 1.065548357156656190e+00
6.973274388195941365e-01 9.303857336591156435e-02 8.105917767549873643e-02 2.953757652168406134e-01 7.644796986214341672e-01 7.358435893854592402e-01 5.542677687520074503e-01 3.351912998423376422e-01 6.880660867691086313e-01 9.719685660410977146e-01 8.677258070047433325e-01 3.010561773629290006e-01 6.508573497106768802e-01 9.429695637814310416e-01 8.331420077494388066e-01 3.895318485911301587e-01 8.801208422902613293e-01 5.031281711681019619e-02 4.386144195432887249e-01 9.620909524906534616e-01 7.225946808320855563e-01
3.997815938047073470e-01 5.983664099361409860e-01 1.589105184259259618e-01 2.501358181902185729e-01 9.708618194430335135e-01 3.828060681459198311e-01 9.037654461692536945e-01 8.415764064481111584e-01 3.906523912423123246e-01 5.489187212206645405e-01 5.766602615287929057e-01 5.413196456806075307e-01 8.758351719166274085e-01 9.030411709069440240e-01 5.560504962256106465e-01 9.876575371025045902e-01 1.654377079403890338e-01 5.145765004197933035e-01 5.918024455773304160e-01 9.883266637525858211e-01 8.387977645345907618e-01
2.022483132059975097e-01 8.215640386101106252e-01 2.373625796354370543e-01 1.535121421359821881e-01 4.531125251798573950e-01 8.055406451914357557e-01 2.507244752359754636e-01 8.150900895376476107e-01 2.820631960355213796e-01 8.105345061186938205e-01 2.591754365954418993e-01 6.448514386793418041e-01 5.056911621589249561e-01 1.908464755330058216e-01 4.514734471479201483e-01 4.863474031732419323e-01 2.999332430916495373e-01 5.078832108983367677e-01 7.202094965390978265e-01 5.303315447665594151e-01 8.087753359049155710e-01
8.665254877827012203e-01 2.078767642036297159e-01 6.212919729115672363e-01 5.581440569050131195e-01 8.223551354804861102e-01 5.209814334746939446e-01 8.441152012427494133e-01 1.887929514405012332e-01 3.469343521027323241e-01 2.829902183106605684e-01 2.167155112054879873e-01 5.938804774578677614e-01 2.466509562924970936e-02 9.845492588128837985e-01 5.379012890108296752e-01 8.047991002466876598e-01 5.248156243359567430e-01 4.901428470254180075e-02 5.128147269053180413e-01 5.027371341494203394e-01 8.857905399720209516e-01
9.922108757696043169e-01 1.613454610510123011e-01 9.841657135635117903e-01 9.844103240474830763e-01 8.554643428333484900e-01 1.046105708956866498e-01 5.421619575904505772e-02 9.305628035738925385e-01 8.403594455535183805e-01 4.608638273328299895e-02 5.515853189475693474e-01 9.897710412596602003e-01 7.923334016196328378e-01 6.748396608507251093e-02 1.977445135055564129e-01 7.764981593281932160e-01 8.282098935969640641e-01 1.177935306407065508e-01 6.565187208746714465e-02 1.832627208661191109e-01 9.930042662415120569e-01
8.974826370653059548e-01 3.101757096542502312e-01 6.370374280480362028e-01 9.733938827036001107e-02 9.336370646426577213e-01 6.396252511932784546e-02 8.185898982475137142e-01 5.900758460161726893e-01 9.074600054514946057e-02 9.055842615844302834e-01 8.048944197567814429e-01 6.336478369751076256e-01 4.587914778595852949e-01 6.933862341170756727e-01 7.036124533382250856e-01 3.029262687066789361e-01 5.379609968813897636e-01 8.979595615324227342e-01 3.647539973270043090e-01 3.938758392872206415e-01 9.093180730423157110e-01
9.623774932585544839e-01 6.309560753369513053e-01 9.942731915708655777e-01 9.420059244589473746e-01 2.759675379457634525e-01 9.627355447830617807e-01 1.435466162727216666e-01 4.315823927114744718e-01 5.238270282739775352e-01 8.180994623942379196e-01 7.725392885554747124e-01 4.030237528544972081e-01 1.587123245793998216e-01 1.991349568551461710e-02 3.113181042911816743e-01 7.707591552527892631e-01 6.406975862068273742e-01 8.062249984646705503e-01 2.236737865597405173e-01 3.795284952892376551e-01 1.049472251623044805e+00
4.521747750362283269e-01 9.685871797648986092e-01 7.265752558413200723e-02 4.288041165846897540e-01 6.265014836052926750e-01 3.352859639435434302e-01 9.438277474620299090e-01 1.152862740400498603e-01 8.343842459316499482e-01 8.688247334558746315e-01 3.539370753730305408e-01 8.203066946666914827e-01 2.674004661601682709e-01 8.000019545618392014e-01 5.104181327996033524e-01 1.497789826261059498e-01 4.763709479228493970e-01 6.453825996735946813e-01 6.055168756754364390e-01 7.785016942146185670e-01 8.694504895904995312e-01
6.414574253643103852e-01 1.301245757436536588e-01 8.703727254709487937e-01 9.071273548633966843e-01 8.037586298870792456e-01 2.900248801289417866e-01 3.092796927799619233e-01 2.870949839653244018e-01 6.072310520391295263e-01 1.824480470804130672e-01 4.517492784325122246e-01 2.267023473299899505e-01 3.301267171896550834e-01 3.782505161290794504e-01 3.895325628803381623e-01 5.359374263225573642e-01 6.080333117111276497e-02 6.675946221033095540e-01 4.503351410751539330e-01 3.374554781688806626e-01 9.556916851793649803e-01
2.867026646662781397e-01 9.356930054658638696e-01 4.975168982536466444e-01 8.533786653364454633e-01 2.087281033558744947e-01 8.669308223958002158e-01 6.206517553643239316e-01 4.739888663312742945e-01 2.280069103599960956e-01 1.283701759810094989e-01 9.997580930563617629e-01 2.422133680105454934e-01 5.159731248800374370e-01 5.603056683567596563e-01 3.539561820634377076e-01 9.644283589239970311e-01 6.639196301157405111e-01 6.245863502769770648e-01 7.459673982053240948e-01 2.047797643881223428e-01 9.949580095434442661e-01
2.896953670035349315e-01 6.967966814357139382e-01 9.646141477939937925e-01 6.384055199394381708e-01 5.786751191101371372e-01 5.943808866397439772e-01 9.670226235552544791e-01 6.793397219681054366e-01 1.379103597830178829e-01 4.299017377399036999e-01 9.248553191254013650e-02 9.483099633119100869e-01 3.118979071277184212e-01 9.948955010066067306e-01 4.325798233649149477e-02 3.501659901959620902e-02 1.067729634722364845e-01 6.331826447834816296e-01 3.896922914610589928e-01 8.675875338911951395e-01 1.043958164864840388e+00
1.285863259762713706e-01 4.972568176179460453e-01 9.587899537283434137e-01 5.296329077090694559e-01 6.681672761144206163e-01 2.496596743611623204e-01 2.090826660208978949e-01 2.113468476499713589e-01 3.278054762077800555e-01 6.803810523182823866e-01 5.749700044934494825e-01 2.950789791927820871e-01 8.071760256773081732e-01 4.980935107825421038e-01 1.472225283521754746e-01 1.335711853840421820e-02 7.708347631918158749e-01 8.327031767343605340e-02 6.513600773501291297e-01 1.273988009358256179e-01 6.531564678913805988e-01
9.158636623415525868e-01 4.190892453298766251e-01 2.843596424589295291e-01 2.332157856355229208e-01 3.708018652900559875e-01 4.306293600040794756e-01 6.262324507616637836e-01 3.509345241234492763e-01 3.189731227187681539e-01 3.005797647003718986e-01 9.206476330026691635e-01 5.276173835339795781e-01 8.591950942007702263e-01 9.614688431193599838e-01 5.818851883392733848e-01 8.474060763246831218e-01 3.993972663709983162e-01 1.560006371698691718e-01 5.470085747560868850e-01 6.492016620115212966e-01 7.524573917673731405e-01
6.790152877721005176e-01 9.536963423244106952e-01 8.276598404252365482e-01 7.046593334412057930e-01 2.815613602834336066e-02 5.638857149035690630e-02 1.900775177763712187e-01 6.463420551769677447e-01 1.962017269220259763e-01 9.573099234621380571e-01 6.390356462753515876e-01 3.254987944507266584e-01 6.280075512684932248e-02 6.561067548549192052e-01 6.688807387337702970e-01 3.509735961327813403e-01 4.418770085480189791e-01 1.634003220990165942e-02 4.433962424169214656e-02 1.055303705893511218e-01 8.484905754705633907e-01
5.546533215913964643e-01 7.531757123033367973e-01 6.429444472667488197e-01 3.945136669957904352e-01 8.872951626291408767e-01 2.795653608531932233e-01 6.437658931516315741e-01 4.766926998553203121e-01 8.086111340364583455e-01 3.644169378757810551e-01 5.339811002789615069e-01 5.045610261894627468e-01 2.425787252821237361e-01 1.523773264846087216e-01 6.473486418070750759e-01 8.933144768894620835e-01 6.538271073457745386e-01 4.004653540155068137e-01 2.631707727263504215e-01 5.707702552695078646e-01 8.606055934571968935e-01
5.847085682781831828e-01 3.537546780864086471e-01 3.061868084495620868e-01 8.251650842719138179e-01 6.974357207108979884e-01 9.230133780889133721e-01 5.717182638563208519e-01 7.406169908854730588e-01 7.606310825947945053e-01 1.447403517816480412e-01 3.834569419390167488e-01 8.583084227975712466e-01 4.377074118562864213e-01 1.309456732613960839e-01 3.861130620374454980e-01 7.075272689126038683e-01 3.134697625992298731e-01 9.703217636021141956e-01 1.270250588492254917e-01 5.819793436257845176e-01 9.881246391754322511e-01
2.578224086218934841e-01 5.263514712605005252e-02 9.471318661066474576e-01 6.116992668290716084e-02 4.070733361671472483e-01 9.486502076194227584e-01 7.777319528094551737e-01 9.484579658866251206e-01 4.257392917267923682e-01 8.470310919388099880e-01 1.387759456089329435e-01 6.040582525118303181e-01 7.409116364945727007e-01 1.208332488583687553e-01 2.430502058190049386e-01 1.019735243964117188e-01 8.184683140404387380e-01 7.793416941273492160e-01 9.560497343538351123e-01 5.240414827071426807e-01 8.919772768886271574e-01
5.183763630073527917e-01 4.473199727416860005e-01 5.785661192869328007e-01 9.272309159377744026e-01 4.339083705395462287e-01 1.334628742179339023e-01 5.960580775639887641e-01 9.542358983577475806e-01 1.676776268606186837e-01 8.368410666040431156e-01 9.476632398388394884e-01 6.707953136959604601e-01 6.855604401116904834e-01 9.200131116029248712e-01 7.411598716996982139e-01 1.148823785131704855e-01 9.443567180658766214e-01 9.194098388520192955e-02 6.783441951331335984e-01 2.858666471480935112e-01 8.837480671835408197e-01
5.382210910166421725e-01 5.489695219548843541e-01 7.551026315717015436e-01 6.693435921493690044e-01 2.511354464976616185e-01 6.526579436114723354e-01 4.211444042793608955e-01 5.014025709992299129e-01 5.802298685021415325e-01 1.613775189832750423e-01 5.240213907009604322e-01 4.553310000336355245e-01 5.730572965010150011e-01 2.846183836284353341e-01 5.170972682454858527e-01 9.249964539576170930e-01 7.571546143252265715e-01 7.904701130309780277e-01 9.835165718353807707e-01 9.387246549813901275e-01 8.509736157882892282e-01
9.319903268714969588e-03 7.970435193418868858e-01 3.797909604839152520e-01 2.457099223488711515e-01 7.982660498599709609e-01 5.303551435619338061e-01 6.121913649061724305e-01 3.220524649217466062e-01 9.156476186304161047e-01 5.046850691690956542e-02 1.285648957868437692e-02 2.766236659532892994e-01 4.770349984259033560e-01 2.608031705054336680e-01 4.441564831270755631e-01 2.953478526080804967e-01 1.940794053564176003e-01 5.535334863438757802e-01 3.379765731579753574e-01 7.705241302637745593e-02 7.852847989725381117e-01
2.323516027344339485e-01 7.678568014585281931e-01 5.509054391482343105e-01 3.745964656523085856e-01 9.539924455904176259e-01 3.464904859091986755e-01 4.421536451528185752e-01 5.853748051581025846e-01 4.560090266141546000e-01 8.819299614495789141e-01 6.624032886045085888e-01 9.528201839623583469e-01 4.878338215958804569e-01 3.218879571026303510e-01 8.943928511993937125e-01 3.687316474651766707e-01 5.553163959202109812e-01 9.864605535018912130e-01 9.287641756346445288e-01 7.093609684970878515e-01 8.637619912328422522e-01
5.345929290041340209e-01 1.943880040375140505e-01 7.438725645523119878e-01 7.265170087686030342e-01 7.855981986516117344e-01 8.267914979648506302e-01 9.878079705079374495e-01 1.094526539920313152e-02 4.889166157157933124e-01 8.603159664256114780e-01 3.638222078474552257e-01 2.599792766386527232e-01 8.651275913256615269e-01 2.202785170728299990e-01 5.070707523997209157e-03 1.800679373580206799e-01 2.518400570756456625e-01 7.699475667676447532e-01 7.367117769744166988e-01 4.479324211089665830e-01 9.837751079659617925e-01
8.452464125732201961e-01 4.607364312405574092e-01 3.914888081336072023e-01 8.197167462359855605e-02 8.398290774072104670e-01 3.947158765341994835e-01 5.271561832629785282e-01 6.994451976210146471e-01 1.611203646409067880e-01 4.635527089206911144e-01 2.967458663821899711e-01 8.379976400580824158e-01 2.959085077665866703e-01 9.365433647667447126e-01 1.248759294362446204e-01 6.787518142934435561e-01 2.035144625128001983e-01 3.641868654212278567e-01 5.690896737883884837e-01 6.826891841519736048e-02 9.421982516038653888e-01
4.982114630343008610e-01 7.799635089046087488e-01 2.608316275209685009e-01 4.780156856910270924e-01 3.382735617529109562e-01 6.085302383520333480e-01 3.177076387758771547e-01 7.256250279108766854e-01 5.744897861638473824e-01 3.965126639128203623e-01 8.430150478292616767e-02 3.862828386751231968e-01 4.356426390201910692e-01 1.420588681339200743e-01 1.761653442538855738e-02 9.314652837957970721e-01 9.662756971019942354e-01 2.269275984625199194e-01 3.175052603788602323e-01 4.872203414084280704e-02 7.820652826007136182e-01
